1.847
2.9
9.6
11.3
12.8
17
20.1
21.4
22.5
21.2
22.5
18.2
26.4
28.7
19.5
16
17.4
15.1
20.8
12.29
12.4
10.1
13.8
10.41
11.4
9
10.3
8.9
9.2
10.42
10.9
10.8
9.15
9.8
11.4
11.4
9.99
13
13
10.24
10.8
12.19
16.2
11.34
12.86
13.71
13.9
12.19
14.8
13.92
16.2
15.32
16.98
18.9
17.07
18.86
19.07
19.95
20.5
19.87
18.9
16.6
19.4
19.91
18.94
17.56
17.19
17.82
16.1
14.91
15.75
14.9
13.2
14.1
14.47
14.4
25.1
14.8
14.1
18.8
21.8
21.62
18
23.16
26.6
26.42
22.2
26.58
24.22
27.3
26.3
18.6
26.01
24.6
26.7
23.65
25.1
19.1
19.48
20
14.6
17.95
19.82
17.7
18.29
22
13.66
15.01
15.73
12.45
14.1
14.6
13.31
13.8
12.8
13.09
12
12.627
12.73
12.38
13.507
12.714
12.987
13.401
13.384
12.394
12.763
12.724
12.851
12.507
12.43
12.367
12.395
13.332
12.491
13.035
12.852
12.04
12.673
15
12.488
12.53
12.286
12.67
12.662
13.354
13.054
12.626
12.126
12.651
12.956
12.606
12.361
12.972
12.34
12.091
12.13
11.937
12.712
12.478
12.51
12.521
12.321
12.271
12.594
12.536
12.26
12.407
9.1
12.346
12.532
12.407
12.266
12.167
12.266
11.801
11.95
11.776
11.907
12.042
11.786
11.568
11.246
11.767
12.017
11.754
11.413
11.436
11.206
10.87
10.828
11.052
11.119
11.575
11.645
11.434
12.639
11.643
11.702
11.21
11.502
11.313
11.368
11.523
11.163
11.69
10
10.39
10.21
9.65
9
9.82
10.4
11.1
7.34
7.94
9.69
9.3
8.91
8.5
7.7
7.2
7.2
7.8
7.57
6.1
7.3
6.97
6.84
6.62
5.6
5.77
6.21
3.5
4.7
6.1
5.85
5.6
5.3
5.13
5.37
4.75
4.7
5.07
4.82
4.59
4.77
4.43
4.72
4.62
4.2
4.08
4.08
4
3.5
4.36
4.11
4.39
3.35
3.217
3.55
3.32
3.359
3.506
3.456
3.48
3.414
3.267
3.045
3.39
3.28
3.36
3.24
3.38
3.32
3.18
3.61